1243
1280
1639
1687
1739
1790
1837
1888
1936
1988
2041
2097
2141
2189
2245
2305
2353
2405
2454
2507
2555
2607
2655
2707
2754
2805
2849
2897
2944
2995
3037
3128
3178
3230
3301
3407
3458
3562
3618
3726
3788
4114
4183
4246
4321
4396
4554
4679
4750
4821
4885
4949
5009
5069
5129
5212
5288
5360
5430
5502
5587
5672
5757
5834
5911
5988
6065
6142
6212
6282
6352
6422
6490
6558
6626
6692
6758
6821
6884
6947
7010
7076
7142
7208
7274
7340
7406
7475
7544
7608
7672
7736
7800
7864
7927
7993
8059
8125
8191
8257
8323
8383
8443
8513
8636
8713
8849
9184
9356
9447
9858
9985
10188
10370
10481
10593
10697
10802
10911
11013
11118
11214
11317
11422
11535
11625
11711
11789
11954
12228
12335
12650
12767
12879
12998
13115
13227
13339
13441
13541
13640
13738
13844
13942
14208
14301
14553
14646
14898
14991
15243
15336
15425
15663
15751
15834
16062
16148
16229
16308
16387
16469
16547
16623
16701
16839
17068
17156
17248
17338
17424
17512
17585
17660
17741
17816
17892
17971
18047
18195
18284
18375
18472
18563
18655
18750
18842
19013
19101
19191
19425
19504
19605
19715
19818
19990
20068
20161
20255
20354
20453
20554
20655
20765
20875
20973
21069
21167
21266
21369
21465
21563
21662
21712
21762
21871
21939
22114
22175
22249
22321
22393
22460
22525
22590
22651
22714
22777
22838
22901
22964
23027
23087
23162
23235
23315
23375
23435
23510
23585
23667
23749
23818
23886
23945
24004
24063
24122
24181
24248
24315
24378
24441
24504
24570
24647
24718
24789
24857
24930
25003
25082
25154
25224
25292
25359
25423
25491
25563
25671
25731
25857
25925
25989
26049
26112
26168
26229
26296
26356
26423
26485
26546
26621
26696
27012
27069
27125
27182
27239
27293
27360
27410
27473
27532
27598
27666
27731
27795
27974
28058
28161
28238
28350
28415
28490
28564
28630
28703
28770
28834
28899
28974
29027
29088
29143
29201
29260
29318
29375
29435
29492
29554
29613
29682
29745
29801
29863
29930
29988
30046
30103
30162
30215
30277
30350
30420
30484
30557
30625
30703
30776
30843
30905
30986
31058
31125
31199
31268
31338
31403
31472
31536
31607
31673
31743
31808
31877
31941
32011
32086
32156
32221
32284
32344
32410
32473
32541
32605
32669
32738
32807
32857
32916
32979
33038
33156
33229
33298
33374
33450
33517
33580
33649
33711
33774
33834
33900
33969
34041
34116
34187
34256
34322
34394
34456
34531
34599
34662
34745
34812
34868
34920
34977
35037
35097
35158
35222
35286
35353
35412
35471
35534
35592
35652
35717
35770
35830
35900
35967
36022
36072
36141
36200
36262
36321
36385
36441
36513
36572
36628
36698
36754
36811
36879
36943
37004
37078
37144
37204
37268
37337
37401
37457
37517
37579
37636
37695
37752
37814
37884
37944
38001
38063
38117
38173
38228
38304
38363
38417
38477
38532
38593
38648
38715
38773
38834
38890
38940
38989
39042
39097
39161
39227
39292
39346
39407
39464
39519
39581
39641
39699
39754
39829
39904
39980
40056
40130
40199
40275
40348
40423
40496
40570
40643
40725
40801
40860
40921
40985
41053
41117
41174
41236
41299
41356
41424
41494
41549
41607
41664
41724
41783
41850
41905
41960
42014
42070
42141
42210
42265
42319
42373
42428
42488
42549
42604
42672
42725
42782
42840
42908
42985
43048
43115
43187
43250
43313
43377
43438
43563
43677
43745
43862
43901
43940
43978
44067
44123
44183
44224
44270
44322
44360
44402
44451
44504
44558
44616
44670
44728
44782
44840
44893
44950
44993
45040
45135
45180
45225
45279
45336
45390
45444
45498
45552
45609
45666
45720
45777
45831
45888
45945
45995
46043
46091
46247
46287
46331
46375
46423
46465
46511
46559
46597
46639
46679
46723
46765
46811
46852
46897
46944
46986
47068
47111
47202
47297
47400
47555
47652
47694
47739
47823
47915
47966
48020
48075
48142
48206
48272
48338
48408
48470
48552
48615
48676
48740
48801
48865
48931
48999
49064
49126
49190
49264
49321
49384
49443
49508
49576
49638
49700
49766
49824
49902
49961
50018
50089
50137
50191
50257
50325
50378
50431
50543
50605
50663
50722
50785
50849
50997
51057
51111
51181
51258
51331
51411
51470
51528
51601
51664
51723
51786
51857
51933
51990
52051
52114
52194
52258
52314
52369
52431
52492
52549
52608
52668
52732
52793
52846
52902
52964
53025
53088
53127
53171
53219
53264
53307
53351
53390
53438
53482
53524
53570
53614
53656
53699
53784
53845
53903
53954
54004
54048
54089
54128
54258
54321
54426
54485
54757
54837
54905
54984
55058
55129
55201
55267
55344
55421
55488
55574
55649
55721
55791
55862
55955
56027
56096
56177
56246
56321
56398
56472
56530
56588
56639
56691
56739
56795
56897
56956
57008
57058
57107
57155
58150
58254
58358
58461
58564
58667
58769
58872
58974
59077
59180
59284
59387
59489
59591
59694
59797
59900
60003
60107
60284
60387
60491
60594
60697
60800
60902
61004
61108
61212
61315
61418
61521
61624
61727
61830
61931
62035
62138
62241
62344
62448
62905
63008
63111
63215
63318
63420
63531
63634
63737
63840
63944
64048
64152
64256
64359
64463
64566
64668
64771
64874
64978
65081
65185
65288
65391
65494
65597
65701
65804
65907
66011
66114
66217
66320
66424
66528
66630
66734
66838
66941
67044
67162
67265
67368
67471
67804
69909
70012
70114
70218
70320
70423
70526
70629
70732
70836
70938
71041
71144
71247
71350
71453
71556
71659
71762
71866
71969
72072
72176
72278
72382
72484
72587
72689
72793
72948
73051
73154
73257
73360
73463
73611
73713
73816
73919
74022
74126
74230
75090
75192
75295
75438
75542
75645
75749
75852
75955
76058
76161
76272
76376
76478
76582
76684
76795
76897
77001
77105
77208
77310
77413
77452
77556
77659
77762
77866
77969
78073
78177
78288
78391
78494
78597
78700
78803
78907
79011
79114
79217
79320
79423
79526
79662
79916
80018
80122
80225
80328
80432
80535
80638
80742
80845
80948
81051
81154
81258
81362
81464
81567
81671
81774
81877
81980
82084
82187
82290
82393
82497
82600
82703
82805
82907
83010
83113
83215
83318
83422
83525
83629
83733
83836
83940
84043
84147
84250
84353
84455
84559
84662
84763
84867
84970
85074
85177
85279
85383
85485
85589
85692
85796
85899
86001
86104
86206
86310
86413
86515
86618
86722
86825
86927
87030
87133
87236
87339
87443
87547
87650
87753
87856
87959
88062
88165
88269
88372
88475
88830
88933
89037
89140
89243
89346
89449
89552
89655
89758
89861
89965
90069
90172
90276
90379
90482
90585
90688
90791
90894
90998
91101
91204
91307
91409
91512
91614
91717
91820
91923
92026
92129
92232
92335
92438
92542
92645
92748
92851
92953
93056
93158
93262
93365
93467
93570
93674
93777
93880
93983
94086
94190
94294
94397
94500
94603
94706
94810
94913
95016
95119
95222
95324
95427
95529
95632
95735
95838
95941
96043
96147
96250
96354
96457
96561
96664
96767
96870
96973
97076
97180
97283
97386
97489
97592
97695
97798
97901
98004
98107
98210
98312
98415
98519
98622
98726
98829
99003
99107
99210
99312
99416
99519
99623
99727
99830
99934
100037
100140
100243
100346
100449
100552
100655
101102
101205
101308
101410
101513
101616
101720
101823
101927
102030
102134
102237
102340
102443
102546
102650
102753
102857
102960
103064
103167
103271
103373
103476
103580
103683
103787
103890
103993
104096
104200
104303
104405
104509
104611
104715
104818
104922
105026
105129
105232
105335
105438
105542
105645
105749
105852
105953
106056
106160
106264
106368
106471
106574
106677
106780
106883
106985
107089
107192
107296
107399
107501
107604
107707
107811
107914
108017
108120
108224
108694
108741
108796
108839
108880
108937
109001
109061
109470
109520
110454
110505
110565
110615
111501
111551
111609
112664
112708
112762
112974
113130
113193
114013
114164
114245
114534
115855
115907
115959
116001
118079
118118
118168
118309
118565
118610
118652
118695
119555
119593
119645
120746
120802
120869
121025
121322
121364
121511
121617
121901
121954
122181
122353
123340
123528
123574
123624
124147
124215
124911
124955
125011
125368
125510
125607
125704
125801
126225
126327
126430
126534
126637
126740
126844
126947
127050
127153
127255
127358
127462
127564
127667
127771
127874
127977
128079
128182
128285
128387
128490
128592
128694
128797
128900
129004
129107
129210
129314
129417
129520
129675
129718
129821
129925
129971
130117
130220
130323
130427
130474
130533
130589
130647
130705
130767
130821
130895
130950
131003
131059
131316
131361
131407
131903
132006
132109
132213
132316
132419
132522
132624
132727
132830
132925
132978
133145
133953
134009
134048
134135
134183
134260
134315
134372
134417
134461
134515
134912
134971
135030
135089
135146
135263
135315
135367
135419
135469
136001
136237
136319
136369
136409
136451
136596
136637
136865
137348
137452
137555
137658
137761
137864
137968
138071
138175
138279
138382
138485
138588
138691
138795
138898
139001
139104
139208
139311
139414
139518
139620
139724
139827
139931
140040
140082
140237
140340
140444
140547
140650
140753
140856
140959
141063
141167
141270
141373
141477
141580
141756
141897
142078
142124
142228
142331
142434
142538
142640
142855
142942
142998
143056
143116
143173
143227
143283
143349
143398
143948
144050
144154
144257
144361
144464
144567
144670
144774
144878
144981
145085
145188
145292
145395
145498
145602
145705
145808
145911
146013
146115
146218
146321
146425
146527
146630
146733
146836
146940
147043
147146
147249
147352
147456
147559
147662
147747
147793
147842
147944
148047
148150
148254
148357
148460
148563
148666
148769
148877
148980
149356
149403
149596
149657
149746
149793
149839
149888
150259
150310
150358
150416
150468
150513
150564
150620
150707
150803
150850
150911
151652
151698
151746
151787
151829
151994
152045
152199
152248
152354
152402
152450
152498
152549
152611
152670
152723
152777
152831
152889
152939
153009
153060
153160
153222
153279
153346
153408
153464
153515
153585
153646
153702
153756
153819
153877
153936
153990
154048
154101
154161
154216
154275
154329
154387
154440
154499
154563
154622
154676
154720
154826
154923
155035
155231
155408
155511
155614
155718
155821
155924
156028
156132
156235
156338
156441
156545
156649
156751
156854
156957
157060
157163
157266
157367
157470
157574
157677
157780
157884
157987
158091
158199
158302
158405
158507
158610
158713
158817
158921
159024
159127
159231
159334
159437
159541
159644
159747
160047
160147
160193
160297
160350
160404
160507
160609
160712
160815
160852
160894
160949
161052
161155
161262
161365
161469
161572
161619
161663
161951
162003
162060
162113
162166
162224
162367
162419
162460
162501
162551
162604
162654
162704
162754
162804
162857
162910
162960
163013
163063
163116
163169
163217
163263
163307
163351
163448
163899
164003
164106
164491
164549
164588
164635
164678
164769
164809
164856
164950
165213
165316
165419
165522
165624
165728
165832
165936
166040
166143
166245
166348
166451
166554
166658
166761
166865
166968
167072
167174
167277
167381
167485
167589
167692
167801
167904
168007
168110
168213
168317
168420
168523
168626
168729
168833
169333
169436
169540
169643
169745
169847
169950
170053
170157
170260
170363
170466
170569
170673
170776
170880
171024
171072
171124
171172
171220
171268
171316
171364
171421
171469
171517
171567
171623
171673
171724
171778
171829
171883
171939
171997
172061
172119
172178
172240
172299
172361
172404
173736
173839
173948
174050
174153
174256
174359
174468
174572
174676
174780
174883
174987
175090
175194
175297
175408
175511
175615
175718
175820
175923
176025
176129
176233
176337
176440
176544
176647
176751
176799
176902
177264
177367
177470
177574
177677
177780
177883
177987
178091
178193
178297
178400
178504
178965
179011
179212
179312
179415
179518
179660
179713
179778
179834
180349
180643
180695
180740
180798
180849
181153
181394
181465
182485
182754
182812
182873
182937
182997
183055
183110
183240
183404
183728
183789
183857
186847
186904
187209
187603
187735
188230
188680
188731
188776
188815
188856
188902
188997
189046
189096
189149
189202
189258
189306
189354
189406
189453
189502
189556
189656
189698
189747
189806
190073
190444
190488
192942
192982
193016
193596
193635
193681
193721
193765
193809
193853
193901
193949
194002
194044
194090
194138
194176
194218
194258
194302
194345
194388
194432
194471
194527
194571
194615
194665
194707
194753
194794
194839
194885
194937
194984
195026
195068
195114
195157
195732
195778
195837
196179
196222
196265
196463
197000
197658
197703
197763
197821
197886
197937
197988
198036
198089
198134
198195
198878
199024
199072
199115
199160
199205
199265
199325
199392
199459
199502
199555
199600
199659
199704
199750
199807
199860
199910
199973
200028
200077
200130
200439
200492
200546
200595
200640
200684
200777
200820
200912
200958
201109
201157
201203
201254
201313
201362
201408
201553
201596
201637
201682
201726
201807
201872
201923
201971
202014
202063
202107
202161
202211
202256
202300
202344
202388
202432
202469
202510
202566
202613
202663
202708
202755
202876
202918
202957
203173
203258
203305
203350
203397
203439
203488
203834
204373
204427
204526
204569
204619
204662
204816
204942
205110
205422
205526
205585
205646
205707
205777
205928
206749
207994
208036
208436
209361
209417
209475
209534
209583
209630
209674
209738
209801
209883
209947
210012
210077
210140
210196
210254
210319
210381
210472
210536
210598
210661
210723
210794
211062
211106
211150
211195
211243
211287
211337
211391
211444
211489
211541
211587
211640
211683
211727
211784
212239
212289
212476
212525
212578
212631
212681
212725
212777
213075
213168
213221
213273
213597
213646
213694
213741
214272
214318
214399
214652
215173
215335
215438
215805
215853
216310
216361
216602
216655
216702
216747
216794
217053
217326
217383
217442
217483
217735
218289
218476
218625
218863
219007
219052
219101
219151
219205
219255
219399
219445
219494
219680
220123
220508
220557
220605
220655
220697
221326
221376
221430
221472
221874
221917
221962
222011
222064
222105
222205
222492
222536
222609
222682
222755
222820
222885
222950
223015
223080
223138
223196
223254
223312
223363
223419
223475
223531
223585
223639
223690
223741
223792
223843
223897
223951
224005
224059
224113
224167
224224
224281
224333
224385
224437
224489
224541
224592
224646
224700
224754
224808
224862
224916
224959
225308
225364
225422
225481
225520
225685
227235
227480
227741
227789
228216
228343
228386
228434
228482
228530
228578
228626
228669
228720
228764
228813
228863
228925
228981
229037
229090
229134
229191
229233
229291
229349
229407
229465
229511
229550
229614
229671
229726
229779
229831
229880
229933
229990
230037
230093
230150
230216
230268
230324
230378
230440
230501
230553
230944
230997
231125
231166
231211
231251
231295
231332
231373
231413
231457
231515
231573
231631
231689
231738
231785
231825
231860
231939
231979
