179114
179253
181202
181320
181529
181650
181722
181827
181894
182101
182222
182297
182368
182540
182680
183171
183291
183464
183587
183660
183921
184088
184217
184347
184423
184495
184602
184670
184775
184842
184955
185023
185146
185218
185329
185396
185504
185573
185682
185751
185856
185923
186034
186102
186217
186284
186403
186471
186577
186645
186772
186956
187084
187138
187281
187399
187473
187659
187793
187852
187917
188031
188102
188290
188399
188472
188562
188612
198310
198416
198473
198593
198651
198719
198822
201011
201459
201509
205297
205468
207024
207124
207180
207285
207340
207388
207492
207550
207626
207686
207734
207788
207892
207946
213794
213890
219309
219542
