11
58
110
159
215
290
338
385
425
478
530
603
650
716
764
825
884
935
988
1038
1082
1119
1167
57201
62552
62590
62619
62660
62686
62710
62777
62850
67573
67611
67637
67671
67716
67761
67908
67948
67987
68028
68069
68113
68155
68192
68237
68286
68335
68389
68441
68477
68525
68569
68618
68667
68720
68771
68815
68859
68906
68951
68996
69041
69092
69138
69183
69232
69285
69329
69374
69419
69464
69510
69547
69584
69635
69683
69742
69802
69855
72897
74333
74359
74404
74466
75398
79628
79711
79783
79824
88577
108327
108415
108485
108596
108658
109128
109181
109217
109251
109566
109609
109897
110160
110212
110261
110322
110370
110413
110667
111027
111152
111210
111281
111326
111424
111672
111720
111763
111833
111878
111966
112026
112072
112111
112167
112216
112261
112322
112360
112440
112492
112571
112811
112860
112925
113020
113074
113258
113685
113738
113816
113869
113913
113960
114061
114100
114211
114286
114388
114438
114587
115187
115275
115321
115405
115474
115505
115574
115624
115685
115728
115777
115816
116062
116118
116176
116237
116339
116386
116503
116543
116573
116634
116724
116767
116798
116828
116868
116899
116934
116968
117475
117546
117595
117688
117734
117775
118032
118215
118274
118475
118741
118934
119040
119159
119219
119283
119350
119450
119483
119701
119771
119836
119870
120012
120122
120175
120436
120705
120926
120978
121068
121118
121271
121413
121559
121661
121708
121868
122004
122063
122131
122227
122275
122400
122439
122484
122790
123039
123246
123295
123391
123478
123672
123707
123853
123910
123986
124039
124100
124262
124311
124399
124449
124488
124521
124582
124679
124773
124806
124841
125099
125250
125315
125849
129623
130074
131112
131191
131453
131502
131557
131618
132890
133033
133081
133188
133284
134100
134567
134615
135203
135519
135661
135946
136048
136117
136504
136682
136735
136790
136823
137022
137301
140185
141860
141947
141985
142030
143453
143499
143564
143825
143866
143909
147705
149083
149451
149535
149703
149934
149982
150762
150964
151019
151087
151148
151221
151268
151322
151403
151457
151508
151878
151933
152102
152151
152308
153109
154772
154878
154966
155082
155139
155182
155278
159850
159887
159932
160096
161713
161757
161811
161860
162282
163397
163511
163780
163855
164209
164255
164306
164418
164905
165084
165120
165162
168936
169211
169262
170983
172450
172592
172723
172768
172885
172926
173017
173054
173093
173134
173186
173271
173311
173586
173641
173687
177005
178608
178914
179114
179621
179877
180160
180227
180278
180402
180462
180515
180562
180605
181202
181529
181722
181894
182101
182368
182540
183291
183464
183921
184026
184088
184217
184495
184670
184842
185023
185218
185396
185573
185751
185923
186102
186284
186471
186645
186956
187281
187473
187917
188102
188290
188472
189599
189862
189909
189958
189997
190118
190377
190527
190640
190819
190923
191046
191168
191312
191443
191572
191743
191863
191990
192198
192385
192485
192570
192679
193103
193150
193276
193329
195198
195271
195536
195608
195682
195878
195941
196031
196116
196323
196513
196572
196625
196678
196720
196801
196852
196903
196951
197048
197091
197148
197193
197591
197623
198310
198473
198719
198937
200188
200291
200366
201011
202793
202829
203001
203040
203085
203217
203541
203623
203889
203942
203990
204044
204094
204481
204707
204750
204908
204982
205053
205168
205215
205297
205847
205885
205972
206018
206289
206357
206701
206800
206917
207024
207180
207388
207550
207788
208094
208141
208216
208261
208301
208360
208394
208496
208537
208678
208726
209016
209054
209089
209134
209174
209225
209282
209328
210918
210989
211838
211891
211937
211974
212334
212428
212826
212873
212943
212986
213037
213121
213365
213477
213532
213794
213942
213995
214069
214116
214195
214232
214357
214462
214507
214550
214603
214720
214763
214815
214892
215223
215280
215490
215638
215685
215762
215899
215936
216009
216050
216099
216177
216222
216458
216516
216557
216836
216898
217004
217099
217144
217239
217580
217641
217690
217779
217821
217876
217919
217963
218242
218336
218387
218521
218576
218680
218752
218810
218909
218954
219309
219602
219639
219736
219781
219830
219882
219963
220022
220091
220167
220225
220272
220308
220369
220416
220461
220741
221160
221201
221253
221518
221783
221828
222150
222251
222291
222338
222414
225012
225095
225139
225200
225263
225563
225638
225734
225782
225841
225903
225966
226127
226163
226300
226526
226564
226603
226651
226688
226953
227136
227185
227295
227350
227425
227538
227575
227614
227692
227843
227884
227921
227958
228005
228048
228091
228140
228260
230605
230663
230705
230741
230780
230816
230857
230901
231047
231086
232029
232085
232123
