1201
1321
1566
3083
3362
3513
3672
3844
3892
3938
4061
4450
4501
4623
8583
8797
8901
9006
9109
9272
9538
9628
9741
10105
10283
11869
12043
12132
12442
12544
14045
14122
14390
14467
14735
14812
15080
15157
15510
15582
15913
15983
16769
16922
16991
18126
18937
19270
19348
19914
21820
21999
22055
25618
25795
26751
27854
33092
43509
43622
43813
44028
45082
46141
46203
47032
47157
47257
47351
47463
47515
47612
47782
47870
50494
50905
50948
53740
54167
54209
54384
54546
54592
54642
54696
56845
118391
125055
125414
125461
125558
125655
125752
131274
134183
135519
136237
136553
136913
142743
142899
149451
150667
151569
151610
155325
155366
159993
161000
161905
164373
164418
164724
164995
165035
172506
172552
172662
172977
173231
180901
188951
189997
193054
196323
198254
198937
200733
200871
201765
203580
203664
204866
205297
206399
206657
206955
210859
213325
215396
216222
216413
216898
217199
217528
219921
222452
226016
226061
227614
228176
231899
232160
