57201
62590
62660
62686
62710
62777
67573
67611
67637
67671
67716
67761
67908
67948
67987
68028
68069
68113
68155
68192
68237
68286
68335
68389
68441
68477
68525
68569
68618
68667
68720
68771
68815
68859
68906
68951
68996
69041
69092
69138
69183
69232
69285
69329
69374
69419
69464
69510
69547
69584
69635
69683
69742
69802
69855
74333
74404
74466
79824
179114
181202
181529
181722
181894
182101
182368
182540
183291
183464
183921
184026
184088
184217
184495
184670
184842
185023
185218
185396
185573
185751
185923
186102
186284
186471
186645
186956
187281
187473
187917
188102
188290
188472
198310
198473
198719
201011
205297
207024
207180
207388
207550
207788
213794
219309
