77413
79662
108694
108741
108796
108839
108880
108937
109001
109061
109470
109520
110454
110505
110565
110615
111501
111551
111609
112664
112708
112762
112974
113130
113193
114013
114164
114245
114534
115855
115907
115959
116001
118079
118118
118168
118309
118391
118565
118610
118652
118695
119555
119593
119645
120746
120802
120869
121025
121322
121364
121511
121617
121901
121954
122181
122353
123340
123528
123574
123624
124147
124215
124911
124955
125011
125055
125368
125414
125461
125510
125558
125607
125655
125704
125752
125801
129675
129925
130427
130474
130533
130589
130647
130705
130767
130821
130895
130950
131003
131059
131274
131316
131361
131407
132830
132925
132978
133145
133953
134009
134048
134135
134183
134183
134260
134315
134372
134417
134461
134515
134912
134971
135030
135089
135146
135263
135315
135367
135419
135469
135519
136001
136237
136237
136319
136369
136409
136451
136553
136596
136637
136865
136913
140040
141897
142078
142743
142855
142899
142942
142998
143056
143116
143173
143227
143283
143349
143398
147662
147747
147793
149356
149403
149451
149596
149657
149746
149793
149839
149888
150259
150310
150358
150416
150468
150513
150564
150620
150667
150707
150803
150850
150911
151569
151610
151652
151698
151746
151787
151829
151994
152045
152199
152248
152354
152402
152450
152498
152549
152611
152670
152723
152777
152831
152889
152939
153009
153060
153160
153222
153279
153346
153408
153464
153515
153585
153646
153702
153756
153819
153877
153936
153990
154048
154101
154161
154216
154275
154329
154387
154440
154499
154563
154622
154676
154720
154826
154923
155035
155231
155325
155366
159993
160047
160147
160297
160350
160815
160852
160894
160949
161000
161572
161619
161663
161905
161951
162003
162060
162113
162166
162224
162367
162419
162460
162501
162551
162604
162654
162704
162754
162804
162857
162910
162960
163013
163063
163116
163169
163217
163263
163307
163351
163448
164373
164418
164491
164549
164588
164635
164678
164724
164769
164809
164856
164950
164995
165035
171024
171072
171124
171172
171220
171268
171316
171364
171421
171469
171517
171567
171623
171673
171724
171778
171829
171883
171939
171997
172061
172119
172178
172240
172299
172361
172404
172506
172552
172662
172977
173231
176751
178965
179212
179660
179713
179778
179834
180349
180643
180695
180740
180798
180849
180901
181153
181394
181465
182485
182754
182812
182873
182937
182997
183055
183110
183240
183404
183728
183789
183857
186847
186904
187209
187603
187735
188230
188680
188731
188776
188815
188856
188902
188951
188997
189046
189096
189149
189202
189258
189306
189354
189406
189453
189502
189556
189656
189698
189747
189806
189997
190073
190444
190488
192942
192982
193016
193054
193596
193635
193681
193721
193765
193809
193853
193901
193949
194002
194044
194090
194138
194176
194218
194258
194302
194345
194388
194432
194471
194527
194571
194615
194665
194707
194753
194794
194839
194885
194937
194984
195026
195068
195114
195157
195732
195778
195837
196179
196222
196265
196323
196463
197000
197658
197703
197763
197821
197886
197937
197988
198036
198089
198134
198195
198254
198878
198937
199024
199072
199115
199160
199205
199265
199325
199392
199459
199502
199555
199600
199659
199704
199750
199807
199860
199910
199973
200028
200077
200130
200439
200492
200546
200595
200640
200684
200733
200777
200820
200871
200912
200958
201109
201157
201203
201254
201313
201362
201408
201553
201596
201637
201682
201726
201765
201807
201872
201923
201971
202014
202063
202107
202161
202211
202256
202300
202344
202388
202432
202469
202510
202566
202613
202663
202708
202755
202876
202918
202957
203173
203258
203305
203350
203397
203439
203488
203580
203664
203834
204373
204427
204526
204569
204619
204662
204816
204866
204942
205110
205297
205422
205526
205585
205646
205707
205777
205928
206399
206657
206749
206955
207994
208036
208436
209361
209417
209475
209534
209583
209630
209674
209738
209801
209883
209947
210012
210077
210140
210196
210254
210319
210381
210472
210536
210598
210661
210723
210794
210859
211062
211106
211150
211195
211243
211287
211337
211391
211444
211489
211541
211587
211640
211683
211727
211784
212239
212289
212476
212525
212578
212631
212681
212725
212777
213075
213168
213221
213273
213325
213597
213646
213694
213741
214272
214318
214399
214652
215173
215335
215396
215438
215805
215853
216222
216310
216361
216413
216602
216655
216702
216747
216794
216898
217053
217199
217326
217383
217442
217483
217528
217735
218289
218476
218625
218863
219007
219052
219101
219151
219205
219255
219399
219445
219494
219680
219921
220123
220508
220557
220605
220655
220697
221326
221376
221430
221472
221874
221917
221962
222011
222064
222105
222205
222452
222492
222536
222609
222682
222755
222820
222885
222950
223015
223080
223138
223196
223254
223312
223363
223419
223475
223531
223585
223639
223690
223741
223792
223843
223897
223951
224005
224059
224113
224167
224224
224281
224333
224385
224437
224489
224541
224592
224646
224700
224754
224808
224862
224916
224959
225308
225364
225422
225481
225520
225685
226016
226061
227235
227480
227614
227741
227789
228176
228216
228343
228386
228434
228482
228530
228578
228626
228669
228720
228764
228813
228863
228925
228981
229037
229090
229134
229191
229233
229291
229349
229407
229465
229511
229550
229614
229671
229726
229779
229831
229880
229933
229990
230037
230093
230150
230216
230268
230324
230378
230440
230501
230553
230944
230997
231125
231166
231211
231251
231295
231332
231373
231413
231457
231515
231573
231631
231689
231738
231785
231825
231860
231899
231939
231979
232160
