58150
58254
58358
58461
58564
58667
58769
58872
58974
59077
59180
59284
59387
59489
59591
59694
59797
59900
60003
60107
60211
60284
60387
60491
60594
60697
60800
60902
61004
61108
61212
61315
61418
61521
61624
61727
61830
61931
62035
62138
62241
62344
62448
62905
63008
63111
63215
63318
63420
63531
63634
63737
63840
63944
64048
64152
64256
64359
64463
64566
64668
64771
64874
64978
65081
65185
65288
65391
65494
65597
65701
65804
65907
66011
66114
66217
66320
66424
66528
66630
66734
66838
66941
67044
67162
67265
67368
67471
67804
69909
70012
70114
70218
70320
70423
70526
70629
70732
70836
70938
71041
71144
71247
71350
71453
71556
71659
71762
71866
71969
72072
72176
72278
72382
72484
72587
72689
72793
72948
73051
73154
73257
73360
73463
73463
73611
73713
73816
73919
74022
74126
74230
75090
75192
75295
75438
75542
75645
75749
75852
75955
76058
76161
76272
76376
76478
76582
76684
76795
76897
77001
77105
77208
77310
77452
77556
77659
77762
77866
77969
78073
78177
78288
78391
78494
78597
78700
78803
78907
79011
79114
79217
79320
79423
79526
79916
80018
80122
80225
80328
80432
80535
80638
80742
80845
80948
81051
81154
81258
81362
81464
81567
81671
81774
81877
81980
82084
82187
82290
82393
82497
82600
82703
82805
82907
83010
83113
83215
83318
83422
83525
83629
83733
83836
83940
84043
84147
84250
84353
84455
84559
84662
84763
84867
84970
85074
85177
85279
85383
85485
85589
85692
85796
85899
86001
86104
86206
86310
86413
86515
86618
86722
86825
86927
87030
87133
87236
87339
87443
87547
87650
87753
87856
87959
88062
88165
88269
88372
88475
88830
88933
89037
89140
89243
89346
89449
89552
89655
89758
89861
89965
90069
90172
90276
90379
90482
90585
90688
90791
90894
90998
91101
91204
91307
91409
91512
91614
91717
91820
91923
92026
92129
92232
92335
92438
92542
92645
92748
92851
92953
93056
93158
93262
93365
93467
93570
93674
93777
93880
93983
94086
94190
94294
94397
94500
94603
94706
94810
94913
95016
95119
95222
95324
95427
95529
95632
95735
95838
95941
96043
96147
96250
96354
96457
96561
96664
96767
96870
96973
97076
97180
97283
97386
97489
97592
97695
97798
97901
98004
98107
98210
98312
98415
98519
98622
98726
98829
98932
99003
99107
99210
99312
99416
99519
99623
99727
99830
99934
100037
100140
100243
100346
100449
100552
100655
100758
101102
101205
101308
101410
101513
101616
101720
101823
101927
102030
102134
102237
102340
102443
102546
102650
102753
102857
102960
103064
103167
103271
103373
103476
103580
103683
103787
103890
103993
104096
104200
104303
104405
104509
104611
104715
104818
104922
105026
105129
105232
105335
105438
105542
105645
105749
105852
105953
106056
106160
106264
106368
106471
106574
106677
106780
106883
106985
107089
107192
107296
107399
107501
107604
107707
107811
107914
108017
108120
108224
126225
126327
126430
126534
126637
126740
126844
126947
127050
127153
127255
127358
127462
127564
127667
127771
127874
127977
128079
128182
128285
128387
128490
128592
128694
128797
128900
129004
129107
129210
129314
129417
129520
129718
129821
129971
130117
130220
130323
131903
132006
132109
132213
132316
132419
132522
132624
132727
137348
137452
137555
137658
137761
137864
137968
138071
138175
138279
138382
138485
138588
138691
138795
138898
139001
139104
139208
139311
139414
139518
139620
139724
139827
139931
140082
140237
140340
140444
140547
140650
140753
140856
140959
141063
141167
141270
141373
141477
141580
141683
141756
142124
142228
142331
142434
142538
142640
143948
144050
144154
144257
144361
144464
144567
144670
144774
144878
144981
145085
145188
145292
145395
145498
145602
145705
145808
145911
146013
146115
146218
146321
146425
146527
146630
146733
146836
146940
147043
147146
147249
147352
147456
147559
147842
147944
148047
148150
148254
148357
148460
148563
148666
148769
148877
148980
155408
155511
155614
155718
155821
155924
156028
156132
156235
156338
156441
156545
156649
156751
156854
156957
157060
157163
157266
157367
157470
157574
157677
157780
157884
157987
158091
158199
158302
158405
158507
158610
158713
158817
158921
159024
159127
159231
159334
159437
159541
159644
159747
160193
160404
160507
160609
160712
161052
161155
161262
161365
161469
163899
164003
164106
165213
165316
165419
165522
165624
165728
165832
165936
166040
166143
166245
166348
166451
166554
166658
166761
166865
166968
167072
167174
167277
167381
167485
167589
167692
167801
167904
168007
168110
168213
168317
168420
168523
168626
168729
168833
169333
169436
169540
169643
169745
169847
169950
170053
170157
170260
170363
170466
170569
170673
170776
170880
173736
173839
173948
174050
174153
174256
174359
174468
174572
174676
174780
174883
174987
175090
175194
175297
175408
175511
175615
175718
175820
175923
176025
176129
176233
176337
176440
176544
176647
176799
176902
177264
177367
177470
177574
177677
177780
177883
177987
178091
178193
178297
178400
178504
179011
179312
179415
179518
