1201
1243
1280
1321
1566
1639
1687
1739
1790
1837
1888
1936
1988
2041
2097
2141
2189
2245
2305
2353
2405
2454
2507
2555
2607
2655
2707
2754
2805
2849
2897
2944
2995
3037
3083
3128
3178
3230
3301
3362
3407
3458
3513
3562
3618
3672
3726
3788
3844
3892
3938
4061
4114
4183
4246
4321
4396
4450
4501
4554
4623
4679
4750
4821
4885
4949
5009
5069
5129
5212
5288
5360
5430
5502
5587
5672
5757
5834
5911
5988
6065
6142
6212
6282
6352
6422
6490
6558
6626
6692
6758
6821
6884
6947
7010
7076
7142
7208
7274
7340
7406
7475
7544
7608
7672
7736
7800
7864
7927
7993
8059
8125
8191
8257
8323
8383
8443
8513
8583
8636
8713
8797
8849
8901
9006
9109
9184
9272
9356
9447
9538
9628
9741
9858
9985
10105
10188
10283
10370
10481
10593
10697
10802
10911
11013
11118
11214
11317
11422
11535
11625
11711
11789
11869
11954
12043
12132
12228
12335
12442
12544
12650
12767
12879
12998
13115
13227
13339
13441
13541
13640
13738
13844
13942
14045
14122
14208
14301
14390
14467
14553
14646
14735
14812
14898
14991
15080
15157
15243
15336
15425
15510
15582
15663
15751
15834
15913
15983
16062
16148
16229
16308
16387
16469
16547
16623
16701
16769
16839
16922
16991
17068
17156
17248
17338
17424
17512
17585
17660
17741
17816
17892
17971
18047
18126
18195
18284
18375
18472
18563
18655
18750
18842
18937
19013
19101
19191
19270
19348
19425
19504
19605
19715
19818
19914
19990
20068
20161
20255
20354
20453
20554
20655
20765
20875
20973
21069
21167
21266
21369
21465
21563
21662
21712
21762
21820
21871
21939
21999
22055
22114
22175
22249
22321
22393
22460
22525
22590
22651
22714
22777
22838
22901
22964
23027
23087
23162
23235
23315
23375
23435
23510
23585
23667
23749
23818
23886
23945
24004
24063
24122
24181
24248
24315
24378
24441
24504
24570
24647
24718
24789
24857
24930
25003
25082
25154
25224
25292
25359
25423
25491
25563
25618
25671
25731
25795
25857
25925
25989
26049
26112
26168
26229
26296
26356
26423
26485
26546
26621
26696
26751
27012
27069
27125
27182
27239
27293
27360
27410
27473
27532
27598
27666
27731
27795
27854
27974
28058
28161
28238
28350
28415
28490
28564
28630
28703
28770
28834
28899
28974
29027
29088
29143
29201
29260
29318
29375
29435
29492
29554
29613
29682
29745
29801
29863
29930
29988
30046
30103
30162
30215
30277
30350
30420
30484
30557
30625
30703
30776
30843
30905
30986
31058
31125
31199
31268
31338
31403
31472
31536
31607
31673
31743
31808
31877
31941
32011
32086
32156
32221
32284
32344
32410
32473
32541
32605
32669
32738
32807
32857
32916
32979
33038
33092
33156
33229
33298
33374
33450
33517
33580
33649
33711
33774
33834
33900
33969
34041
34116
34187
34256
34322
34394
34456
34531
34599
34662
34745
34812
34868
34920
34977
35037
35097
35158
35222
35286
35353
35412
35471
35534
35592
35652
35717
35770
35830
35900
35967
36022
36072
36141
36200
36262
36321
36385
36441
36513
36572
36628
36698
36754
36811
36879
36943
37004
37078
37144
37204
37268
37337
37401
37457
37517
37579
37636
37695
37752
37814
37884
37944
38001
38063
38117
38173
38228
38304
38363
38417
38477
38532
38593
38648
38715
38773
38834
38890
38940
38989
39042
39097
39161
39227
39292
39346
39407
39464
39519
39581
39641
39699
39754
39829
39904
39980
40056
40130
40199
40275
40348
40423
40496
40570
40643
40725
40801
40860
40921
40985
41053
41117
41174
41236
41299
41356
41424
41494
41549
41607
41664
41724
41783
41850
41905
41960
42014
42070
42141
42210
42265
42319
42373
42428
42488
42549
42604
42672
42725
42782
42840
42908
42985
43048
43115
43187
43250
43313
43377
43438
43509
43563
43622
43677
43745
43813
43862
43901
43940
43978
44028
44067
44123
44183
44224
44270
44322
44360
44402
44451
44504
44558
44616
44670
44728
44782
44840
44893
44950
44993
45040
45082
45135
45180
45225
45279
45336
45390
45444
45498
45552
45609
45666
45720
45777
45831
45888
45945
45995
46043
46091
46141
46203
46247
46287
46331
46375
46423
46465
46511
46559
46597
46639
46679
46723
46765
46811
46852
46897
46944
46986
47032
47068
47111
47157
47202
47257
47297
47351
47400
47463
47515
47555
47612
47652
47694
47739
47782
47823
47870
47915
47966
48020
48075
48142
48206
48272
48338
48408
48470
48552
48615
48676
48740
48801
48865
48931
48999
49064
49126
49190
49264
49321
49384
49443
49508
49576
49638
49700
49766
49824
49902
49961
50018
50089
50137
50191
50257
50325
50378
50431
50494
50543
50605
50663
50722
50785
50849
50905
50948
50997
51057
51111
51181
51258
51331
51411
51470
51528
51601
51664
51723
51786
51857
51933
51990
52051
52114
52194
52258
52314
52369
52431
52492
52549
52608
52668
52732
52793
52846
52902
52964
53025
53088
53127
53171
53219
53264
53307
53351
53390
53438
53482
53524
53570
53614
53656
53699
53740
53784
53845
53903
53954
54004
54048
54089
54128
54167
54209
54258
54321
54384
54426
54485
54546
54592
54642
54696
54757
54837
54905
54984
55058
55129
55201
55267
55344
55421
55488
55574
55649
55721
55791
55862
55955
56027
56096
56177
56246
56321
56398
56472
56530
56588
56639
56691
56739
56795
56845
56897
56956
57008
57058
57107
57155
